571535296531050496
571649603516276736
572079692032937984
572098125260693504
572096548558921729
572092485385752577
572092137656860672
572091817631596544
572091463925927936
572090149590466560
572089124049588224
572088899352322050
572087084711874560
572085619473694721
572084658856456192
572081726203273216
572080719046049792
572078523491487745
572075636841435136
572073070896283648
572072737017077760
572070309467164672
572065398981443584
572063874595340288
572061809802416128
572058812569522176
572058768529346560
572052398564352000
572047385511084032
572040839045644288
572039551931310081
572029670096560129
572018658593124352
572014473709539328
572010130168016896
571955435294601216
571955388658126848
571948646259933184
571932679387676674
571931623450656768
571928643766767616
571918180920238081
571914529166254080
571913829715722240
571913272968028162
571893465606438912
571888180670156800
571886089943851008
571885028747165696
571882886217003008
571876514289065984
571874554324369408
571874341807259648
571869777272176640
571863037268910080
571861980610498560
571861973991866368
571861464375554048
571855932084359168
571855324929527808
571854593547747329
571851526383247360
571846078804447232
571844119775084545
571844111621361665
571843539904147456
571842910552891392
571842779921313793
571837589524783104
571835878391336961
571835115317399552
571834065525084161
571827326733946880
571826485360795649
571823725919801344
571820293427232768
571818858270625793
571818022152867840
571817890678251520
571816913820524544
571815168834998273
571811661117562881
571801192923308032
571800160470224896
571797730105921536
571796187231211520
571795904212168704
571795508957732864
571795401872830464
571792818261397504
571792546071883776
571792363468795906
571791946999578624
571789338213679104
571788586087030784
571787236393529347
571782020864614402
571781468638347264
571779858948329473
571777870923759616
571777380655730689
571776397565247488
571772800576307200
571770563213045761
571766087458562048
571766020219805696
571764657062584320
571763617621655552
571757833097768961
571754903233830912
571754659808993281
571754539243716608
571748679939440640
571742234472792064
571739491347644417
571737676891742208
571737597925584898
571734456916152320
571734425777659904
571731333229101056
571724465383583744
571724304120999936
571724015636746242
571721785193996288
571720084877643776
571718873671729152
571718366093697025
571718168399384576
571718051663638528
571714818241122304
571714502259044352
571712922117918720
571711583564513280
571709651802316802
571707263913738241
571705725162037248
571704741782147073
571701644393623552
571701227689517057
571700801778917376
571699567420440576
571697805041000449
571692299060711425
571690872041025536
571686764143886336
571686650843176960
571686420622000128
571684800207175681
571679695881826304
571677429342851072
571668617030451200
571668023205109760
571666567114723328
571665905370841088
571665307804307457
571663015541673984
571656270438141952
571653749086822401
571653599685705728
571626874700468224
571609098229313536
571602177816469504
571587989647839232
571545906778116096
571542755299749889
571536134251155457
571535585556492288
571529058611277824
571528938255716353
571528722752393216
571524221114982400
571524098590953472
571520404721930241
571520034520092672
571518233628565504
571516266667741184
571515556647464960
571510369476321280
571509892126801922
571508778543288321
571508105214894080
571506488990150656
571505180375531521
571503715020107776
571503688876871681
571503451332599808
571503434664435714
571502952868810753
571502693551759361
571497580439441408
571492269997613056
571487483868925952
571485064158187520
571485046558855169
571472608333594625
571472296709390336
571472132846170112
571467088222654464
571464116881235968
571462255981830144
571462238088912896
571461850895949824
571461726224429057
571461705617809408
571460397234061312
571460201787891716
571458482160967681
571457611553488896
571456059417755648
571454320677408768
571454059812671489
571453900655616000
571450698082201600
571450538086285312
571450217448513539
571449845967405056
571448963037077504
571447829052428288
571446961150291968
571446320902373376
571444333116829696
571442588970045440
571440229825052672
571439083920228352
571437236094418945
571436202236231680
571435479654129664
571429778470912000
571429778458333186
571429487671435264
571425909141602304
571424831251615744
571422517413457921
571418852258676738
571415764953108480
571414670357225472
571414451552800768
571414044751458304
571410480759238656
571409711318343680
571409190570360833
571406892662185984
571402563939143680
571401432043270144
571401295283789824
571396288543100929
571396270222389249
571392559077056513
571390587473137664
571389555699421185
571387589393047553
571385790548320256
571385346828709888
571381412953255938
571376848174755840
571376054109122560
571375001485647872
571371056042254336
571369590925602816
571369483887124481
571367996310102017
571366418320637952
571366216998244352
571366213663760385
571363720418463744
571362361677754368
571359661066215424
571358018413182976
571356935016075264
571356217060282371
571356214342369280
571354097581862913
571350579739557889
571347098580467713
571347041495994368
571346136755269632
571345662245257216
571344060277006336
571340161105195008
571338891736838145
571338756063662080
571337591771033601
571336619749445632
571335825667035136
571334598275301376
571334473620574208
571334416376717312
571331518221697024
571329161412943872
571328156264738816
571327572052713472
571326313593774080
571326126376644608
571325874915713025
571323568270635008
571321687377100800
571308974626238464
571306021790089217
571302367599190016
571300208199520256
571296279642251265
571293700069953536
571293240164544512
571292695563513856
571286060103303170
571280477157511168
571277841649803264
571275447218126848
571272164407676929
571261627011604480
571254115260624896
571212170945564672
571208448924381184
571207630561124352
571199520006123521
571177558848479232
571176489812676608
571174390701920256
571167468653162496
571166091600400385
571164917203656704
571162076422516737
571161866111721472
571160001768755200
571158715270860800
571157245372862465
571156112898183168
571153841313484801
571153834891997184
571152325743681539
571149419611090944
571148678800535552
571146721989926912
571146597347823617
571144454536626176
571140994491650049
571138330668216320
571132988336943104
571128493037240321
571127669942722563
571127247957991425
571125894166679552
571124360259305472
571123461705338880
571122409845030912
571121637032112128
571120348009238528
571118002118250496
571116604479692801
571116414754549761
571116207476236288
571114299743203329
571110639655104512
571110390991605760
571109540927819778
571109236756893697
571107304751407104
571103822321360896
571103021691772929
571101801728094208
571099803939160064
571097545256144896
571094624745488384
571092171786317824
571091157679255554
571084974381789184
571081630154133504
571080937225764865
571077135491854336
571076573014695936
571076289546850305
571076080636956672
571073425835470848
571069722059517952
571068096590577664
571066303169093632
571063322231119872
571063160788160512
571060456430960641
571053649973141507
571051724183642113
571050002585415680
571049479350161409
571046897575534592
571045663124930560
571044455685480448
571044356813139968
571043267262988289
571041743401041920
571041078582886401
571040803184873472
571040757722845185
571038780100091905
571037024444153856
571032696840962048
571030998047203328
571030729821437952
571028910395301888
571028581905600513
571028201465651202
571025075979362305
571024792536653824
571023525714239488
571022559862501376
571021952846073856
571021566693273600
571018774448631809
571014570472550400
571014569939869696
571013934750130176
571011585331875840
571011350484246529
571010190306189312
571008656118054913
571008106102198273
571005992617558016
571005887218884608
571005306957770752
571004165146714112
571002568270340096
571000293225304065
570999823748485120
570999726692290560
570996921105580032
570990665032728576
570990387411730432
570989722731978753
570989682311307264
570989557145079808
570989147890065408
570986613028864001
570980505396637699
570979606397915136
570977356069924865
570975859617738754
570974370002296832
570973362576609280
570972320434679809
570968646643789824
570968623055052800
570960023922335745
570955243556614144
570951935269965824
570948567461990400
570948156382420993
570936457558409216
570931413521997824
570931061863124993
570930531233345536
570930309534863361
570928805885276160
570924548654309376
570922724475969536
570898753814724608
570892884062433280
570856093217361920
570840283727958016
570839824787243008
570832000816324609
570830681661689856
570828194141605890
570826966854721536
570822736261607424
570821271266709504
570819088903237632
570817062299439104
570814432663773184
570809696480854017
570807937238736896
570806726309638144
570801377435357184
570799129783341056
570796813961334784
570795482877984768
570789568217292801
570789278147604481
570788549731033091
570788511080693760
570787759608217600
570786765541408768
570786294177120257
570784716040867840
570782326726266880
570780843989454848
570780177086750720
570779749028659202
570779379783102464
570774778090545152
570774454730682368
570773842613944321
570773018751967232
570771021655121920
570770033552576514
570769819047489537
570769285448138752
570762379786625024
570761089933295616
570759294582280192
570756497380122624
570756338642509825
570756198213021696
570755219543486464
570751882089652225
570750219098259456
570749068974141440
570746080448647169
570745377827237888
570745343412989953
570743583080370176
570739428538372096
570738855994896384
570738217185488896
570737749529128964
570735779892342784
570733200001142784
570732820798283776
570731131999547393
570729971276247040
570728690461622273
570728421401219073
570724506928590848
570724289038688257
570722365904183297
570719764928184320
570719060083785728
570716867163230208
570714068539056128
570712501911998464
570711032483713024
570710926099398657
570710852510322688
570707375096766464
570706937110761472
570700027905118209
570696700966395904
570694239971102720
570692970573402113
570692444280492033
570692286654390273
570686995690889216
570686601157877761
570685779065888768
570685776159219712
570683762587127811
570675893959561218
570675120114671616
570674229781368833
570673903191904257
570670603516014592
570668026779045888
570667058154876928
570666713118851072
570665057337643008
570660936492687361
570656703341072384
570651469977776128
570650057579597826
570648270051131393
570646142469451776
570644549342777344
570637784064659456
570637073302102017
570634646955798528
570630457542512642
570626440535912448
570626435636989952
570624344528965632
570614053183352832
570612885703016448
570611087424548865
570610604182011904
570610301558771714
570608823603478528
570607787304226817
570605350589747200
570603070847102976
570603023451467776
570601456111190018
570601201919774720
570597266194628608
570596984106713088
570594329674289152
570591511198494720
570590926487347201
570588169843941377
570586026370056192
570584638802018305
570582756226433024
570579589623369728
570578978798485504
570578597716611072
570569973917192192
570569066764754944
570566032936603648
570565987315138562
570565645705850880
570565249369305089
570562397037047808
570562043062800384
570556962812796928
570549736656281600
570539668044955649
570524206376488960
570489980373635073
570477745379131392
570475997449084928
570461541679681536
570456618766340096
570454862896488449
570452453205909504
570449052741046273
570448843931852800
570447350625378305
570445423145566209
570444570774913024
570440506561445888
570437148287107074
570436037945761792
570431566096306176
570431020358602754
570427606157398016
570426723210276865
570424744513818624
570422827578462208
570421812045225984
570420353320820736
570419147701678081
570416218135527424
570416071687188480
570414631396741121
570413620267499521
570409925865803777
570407163224563713
570405993559015424
570403183333392384
570399012622348288
570395756936470529
570395160867151873
570393644265394176
570393598899961856
570392211235471360
570391543577755648
570389006661357568
570386494101331968
570386199132696576
570381184447975424
570380965291421696
570380899893813249
570379916409212928
570379347154096128
570378796198699008
570377655398367233
570377629909577728
570377346261360640
570375834353188864
570375429921644544
570374393974689794
570374152223395840
570373728133103616
570372350547398656
570370540738719744
570370010142519296
570369782479855617
570366638001762305
570364488060284928
570361930474328065
570361889386967040
570361293900632066
570361062345695233
570356154196324353
570351856997658624
570351609886060544
570348050062770178
570347618670219267
570347288884719618
570343696622702592
570342573606203393
570341874197606400
570341843574992897
570341266447163392
570341064675962880
570341000385662977
570337492307611649
570337323751120896
570335950519144451
570333271633956864
570332363051266049
570323510083641344
570321542669848577
570320717335678978
570319824691310594
570318874706640898
570317974160203776
570315131269337088
570314615307051010
570312995940802560
570312982862950400
570312935844798465
570312315003899906
570310208221782016
570309393729908736
570308541845798912
570306511483891712
570306190816747520
570302593513218048
570299917278834688
570299728933601282
570298956045017088
570298089719926784
570295744231567360
570295234241953794
570289085153193985
570287616161140736
570286258863415296
570282365555224576
570279306909192194
570279281277997056
570279060376588288
570276501389766660
570275915772641280
570273173893226496
570272615924957184
570272545108156416
570268079810220032
570267800603914240
570267076302127104
570264041203109889
570263923024273408
570263746007977984
570263633797775360
570260164563099649
570257670072090624
570255636077768704
570255279540948994
570253510022959104
570251645969424384
570251251587239937
570248747466301441
570248514061492227
570247370270744576
570246047173189633
570245831661649920
570245773746675712
570245106768457728
570244094988955648
570243011944194048
570242524490502144
570242089558020096
570241891062558720
570241277926748161
570240836455129088
570240595043569667
570239627182764033
570235786727178240
570234878391939072
570234785521635328
570233954063798272
570228096227532800
570227936596496385
570227859848957952
570226389972094978
570221417641472001
570218962363023360
570213408462794752
570211044251070464
570211023002738688
570210707574272000
570210685306732544
570210201476972544
570207309277892608
570197007698149376
570196597411319808
570192364112904192
570191381098045440
570191255914864641
570190183322288129
570181993876598784
570176726850002944
570163500871487488
570122543077711872
570120519812554753
570119166260334592
570104807974948866
570101010934464512
570092412951003136
570091792969945088
570090107996413952
570086879762247680
570086398788837376
570085963612995584
570084004684300288
570081793443037185
570080843407994880
570080252698992640
570078985406812161
570077650976419841
570077570726813696
570075786218237952
570072778474426368
570066998727712768
570065847651332096
570061722498797568
570059581021421571
570058491458662404
570057350717038593
570056847064997889
570053932673863680
570053576690696192
570052404625981440
570047859896258561
570045897138184192
570038793497145345
570036201186594818
570035917047664640
570032336106074113
570027690595643392
570026680271683584
570025393383743489
570025078336974848
570024731635781633
570024372024565760
570022471396691968
570018583503376385
570018558434017280
570017373962575872
570016610280460289
570016259582115842
570015853502017536
570014180364947457
570013236810141696
570008665916383232
570008590079135744
570007656414490624
570005165866151936
570002974891749377
570002132646162433
570001683750789121
570000413363208192
569998790494720003
569993562772934657
569990965148160000
569989738440089601
569989666536976384
569985607360847872
569979780306755585
569973415878238208
569973091897516032
569970155096133632
569964516101922817
569962203484332032
569961945169846273
569958741107445761
569958740998422528
569955678837710849
569954365903147011
569953582394556417
569952789281034242
569952568027316225
569950636323819521
569950567671455745
569950393704316929
569950298187415553
569949547134365698
569948686244909056
569947715481812992
569947078782279680
569946535275982848
569945314209214464
569944838587547649
569944374995505152
569943744717258752
569943736865546241
569943367951486977
569938833342664704
569932365495181312
569930855810007041
569929537443778560
569927583627931649
569925384986357760
569924389833207809
569923984147521536
569915632495566849
569915499515150336
569910282174275585
569909954301300736
569907202884014081
569898857703849984
569895597156773888
569893791907356672
569892708174729217
569892152190369792
569890598871654401
569884237429665792
569883297070903296
569880483213008896
569875693942784002
569874080037523456
569869651573915648
569869290226085888
569869266339688449
569868816521555968
569867607656046592
569862503292907520
569860899009228800
569851330203934720
569844154760622080
569842717427175424
569841145049718784
569838375873732610
569827949970657280
569826985062629376
569826629335318528
569799121470672896
569771912190144512
569761320683184128
569756381156413440
569751182534692865
569748449496838144
569742540154343424
569738120767254528
569736890720645120
569729751356715008
569728201049694208
569724446635888640
569723019800788992
569722930172731392
569722122173583361
569721061081784320
569719794175508480
569719520077619200
569718775966253056
569717995767009280
569716078466748416
569715714115932162
569710668875759616
569708837822971905
569708478610194432
569706112037085184
569701393885491201
569700848051326976
569699602158510080
569697983077466114
569697496823439361
569697467228418048
569695985640849409
569689993037393920
569689626606231552
569688323968643072
569686174450778112
569684266067599361
569683942254764032
569683894276100096
569679182696988672
569675867552677888
569675863891025920
569673890093531137
569673166483623936
569672504266113025
569672182332321792
569671370658983937
569669769844133888
569667391753461760
569667312313241600
569665367645290496
569665054515142656
569665032172277760
569663819917570048
569662269887545344
569662183367434240
569661314332798978
569661235861581824
569659893856268289
569659748251000833
569659213317836800
569658355364601858
569657270889549824
569654160817299456
569650063376580610
569649348444872704
569643391706927105
569642480913817600
569636117080907776
569632661498683394
569631117277573120
569628586170310656
569627790024294400
569626927713132544
569625869985165314
569624697324888065
569624550411018241
569622766426714114
569620963274465280
569617782465269760
569616932678340611
569614570601512960
569613225693712385
569611497971838976
569609513780809730
569609272721588226
569609122942988289
569606277866790912
569601498595913728
569600581314195456
569595803590926338
569594859079802880
569593611249192960
569592408733847554
569588950639226880
569586671030812672
569585573771526144
569585302630567936
569582346506256384
569581480541753344
569580774518857729
569578900424171520
569575168735125504
569573761780989953
569568148560728064
569566514006888449
569565441691136001
569564346189262848
569564226823593984
569562992611860480
569562727053721600
569562185376141314
569561674669264896
569561082689404928
569557454788423680
569556383709962240
569553537555959808
569552967713628160
569551549799792640
569550934159847424
569548747211997184
569548533608685568
569546756024885248
569543308470575105
569537294870446080
569534812119126017
569530719694950400
569527789432508416
569527129471377409
569523589894033409
569522922294882305
569522678031380480
569521767502512129
569520983456886784
569519434366357504
569516634412621825
569514740499795969
569511667798839297
569510012692733952
569506212456361984
569500665229266944
569494121863368704
569494078947266560
569493491954393088
569493177390014464
569489260220448768
569484968713437184
569483991520313344
569481767041802241
569480979968102401
569476691069956096
