0.527130510655
0.500315301627
0.480227973344
0.463418494
0.450022907299
0.436791103909
0.428505100775
0.421357251936
0.414099422729
0.406886723041
0.401897050927
0.396601136332
0.392594574888
0.386572594822
0.385107267009
0.380958309681
0.377691809322
0.374740811635
0.371375575182
0.370380967608
0.367309201266
0.364360990102
0.363414841672
0.360393678946
0.359453490897
0.357844126761
0.354282524282
0.355447152357
0.352777315009
0.351006975072
0.35067315099
0.349256176948
0.347622398236
0.34560546197
0.345604179817
0.341779669937
0.343270655785
0.342144668499
0.341722317937
0.34088173175
0.338947667222
0.339279769768
0.338377277929
0.337340347741
0.336775295653
0.335653543817
0.334446156741
0.334023684152
0.333346473363
0.333210834248
0.332670714365
0.33092910827
0.331281462114
0.330750152178
0.329418290928
0.32799938058
0.329212015381
0.327786025022
0.327812808392
0.327069236948
0.326630136495
0.32606542139
0.323835355772
0.324977003918
0.324291181022
0.324365353789
0.322427267284
0.322797820247
0.320536718439
0.321429006796
0.321396214633
0.321054883371
0.320527317945
0.320602973574
0.319493761474
0.31916893449
0.317785764713
0.317836157823
0.318475996281
0.318180061433
0.31524463442
0.316868093971
0.316370007672
0.311808720621
0.315123063429
0.315509594847
0.313961609023
0.314353656744
0.313526317102
0.312413058765
0.313051653566
0.312823999377
0.312630934516
0.312098549499
0.311691660365
0.310879219008
0.307700917871
0.311079684577
0.309935612355
0.309630061279
0.309462990126
0.308248824594
0.309103425097
0.307721598197
0.306815960187
0.307822946491
0.306879556379
0.30699988041
0.30581537274
0.306551971864
0.305561877225
0.305581007957
0.30523295464
0.304632032132
0.303981921022
0.302896223234
0.303717288955
0.303331581012
0.302048742588
0.302950927335
0.302735758925
0.302059907274
0.301085613027
0.299615991472
0.301649701987
0.300983496827
0.300123931801
0.300326498421
0.299446623596
0.298984563686
0.299056301675
0.298874244242
0.297320459141
0.298349512143
0.296153396222
0.297546373475
0.29713688302
0.29705202274
0.296529429904
0.296692655723
0.296287824675
0.294703389279
0.295900453035
0.29423751221
0.295764284236
0.294382299225
0.293768669955
0.293825886423
0.293357400644
0.293203545617
0.293588154361
0.293151077083
0.292419652516
0.291581415516
0.292465113812
0.291840018864
0.291174094787
0.291247563381
0.290923298076
0.287705922524
0.288992126489
0.290184731887
0.29004910444
0.289725227256
0.28955608759
0.289029144844
0.288668584114
0.287461678093
0.28836164947
0.288089022058
0.285306302087
0.287827074685
0.285595392145
0.286366643981
0.285576318841
0.286050490389
0.285545452246
0.285623212889
0.285004799898
0.28315824578
0.283520542099
0.284678478155
0.284474694057
0.28371262168
0.283873747296
0.283606477722
0.282480394627
0.282034510507
0.282003044225
0.282261276137
0.282265760805
0.281729440221
0.280716225723
0.279813490486
0.281494980294
0.280671256702
0.278700919836
0.280387260934
0.279994412436
0.279788858869
0.278324811896
0.275030488293
0.279953868386
0.278597066231
0.277321165818
0.277703519269
0.277486804115
0.277507877824
0.276598209899
0.276938993883
0.275204649775
0.275886775731
0.274759087491
0.27499939166
0.273877703484
0.273887724073
0.275460232358
0.274880779222
0.274422756053
0.274535060499
0.272359195157
0.274229209345
0.273755942286
0.273284196679
0.272789251274
0.272498403065
0.270819367377
0.271124126778
0.272379018236
0.271462843678
0.271371216701
0.270698700278
0.271118424593
0.270508103072
0.269303496617
0.270090741296
0.269892220498
0.268468987389
0.270243533031
0.269231528317
0.268911185638
0.26790056925
0.268294692529
0.267668743264
0.268442713232
0.267728698343
0.26747998834
0.266145755908
0.266933368783
0.266961472621
0.26695103359
0.265347123917
0.266286263959
0.265770901775
0.265531471856
0.262992184219
0.265144413154
0.265199656787
0.263817192437
0.263279475993
0.263985754768
0.263887127948
0.263257539819
0.263255422396
0.261859679041
0.263239853131
0.26245343718
0.260728954152
0.262822833208
0.258859643289
0.262641340078
0.261399207783
0.261055022995
0.261361607471
0.260171128027
0.260506707516
0.260527073816
0.260413198615
0.260210671423
0.259884601987
0.258171828572
0.26000048598
0.257929755678
0.257763187659
0.258739290063
0.258499492939
0.25767218777
0.258068690315
0.254105843863
0.258774639195
0.256842502412
0.255496904304
0.257175344758
0.256795752447
0.255946984968
0.256454969386
0.255127047938
0.256150755166
0.256001316919
0.25554787649
